--- Algoritmo Genetico AAAAAAAAA
Tempo de Execução: 6.336
Custo da Função Objetivo: 2038
Número de bins final: 43
Conteúdo dos bins
335 289 250 
279 465 253 
303 432 257 
421 317 254 
308 265 383 
406 313 265 
389 330 251 
372 295 322 
353 340 296 
399 351 250 
328 325 294 
381 363 252 
353 357 277 
298 396 254 
496 255 
268 266 389 
363 259 265 
408 268 283 
365 444 
498 363 
311 268 336 
491 251 250 
372 260 316 
262 485 252 
398 329 256 
366 308 316 
414 493 
392 289 280 
433 260 259 
448 368 
338 375 260 
380 311 296 
483 347 
491 365 
295 421 251 
393 259 292 
303 271 303 
429 427 
403 250 275 
282 262 276 
259 402 324 
253 331 367 
424 328 

--- Busca Local
Tempo de Execução: 0.267
Custo da Função Objetivo: 1
Número de bins final: 45
Conteúdo dos bins
498 496 
493 491 
491 485 
483 465 
448 444 
433 432 
429 427 
424 421 
421 414 
408 406 
403 402 
399 398 
396 393 
392 389 
389 383 
381 380 
375 372 253 
372 368 260 
367 366 266 
365 365 268 
363 363 271 
363 357 280 
353 353 294 
351 347 298 
340 338 322 
336 335 329 
331 330 328 
328 325 324 
317 316 316 
313 311 311 
308 308 303 
303 303 296 
296 295 295 
292 289 289 
283 282 279 
277 276 275 
268 268 265 
265 265 262 
262 260 260 
259 259 259 
259 257 256 
255 254 254 
253 252 252 
251 251 251 
250 250 250 250 
